  To →    C1 C2 C3 C4 C5 C6 C7 C8 C9  J
From ↓ Qn  0  0  0  0  0  0  0  0  0
       C1  0  0  0  0  0  0  0  0  0  0
       C2  0  0  0  0  0  0  0  0  0  0
       C3  0  0  0  0  0  0  0  0  0  0
       C4  0  0  0  0  0  0  0  0  0  0
       C5  0  0  0  0  0  0  0  0  0  0
       C6  0  0  0  0  0  0  0  0  0  0
       C7  0  0  0  0  0  0  0  0  0  0
       C8  0  0  0  0  0  0  0  0  0  0
       C9  0  0  0  0  0  0  0  0  0  0


Temperatures
C1: 1.0
C2: 1.0
C3: 1.0
C4: 1.0
C5: 1.0
C6: 1.0
C7: 1.0
C8: 1.0
C9: 1.0